612.0 792.0
u 82.20001 90.1 11.0 6.9629974 8.514001 DAAAAA+DejaVuSans
1 82.20001 126.1 11.0 6.9959946 8.514001 DAAAAA+DejaVuSans
x 95.0 90.1 11.0 6.5009995 8.514001 DAAAAA+DejaVuSans
1 95.0 126.1 11.0 6.9959946 8.514001 DAAAAA+DejaVuSans
E 120.599976 90.1 11.0 6.941002 8.514001 DAAAAA+DejaVuSans
x 120.599976 97.096 11.0 6.5009995 8.514001 DAAAAA+DejaVuSans
a 120.599976 103.597 11.0 6.7320023 8.514001 DAAAAA+DejaVuSans
m 120.599976 110.296005 11.0 10.7140045 8.514001 DAAAAA+DejaVuSans
p 120.599976 120.99901 11.0 6.973999 8.514001 DAAAAA+DejaVuSans
l 120.599976 127.99501 11.0 3.046997 8.514001 DAAAAA+DejaVuSans
e 120.599976 131.097 11.0 6.7649994 8.514001 DAAAAA+DejaVuSans
  120.599976 137.895 11.0 3.4869995 8.514001 DAAAAA+DejaVuSans
O 120.599976 141.393 11.0 8.656998 8.514001 DAAAAA+DejaVuSans
u 120.599976 149.99501 11.0 6.9629974 8.514001 DAAAAA+DejaVuSans
t 120.599976 156.99101 11.0 4.3119965 8.514001 DAAAAA+DejaVuSans
p 120.599976 161.292 11.0 6.973999 8.514001 DAAAAA+DejaVuSans
u 120.599976 168.28801 11.0 6.9629974 8.514001 DAAAAA+DejaVuSans
t 120.599976 175.28401 11.0 4.3119965 8.514001 DAAAAA+DejaVuSans
: 120.599976 179.585 11.0 3.6959991 8.514001 DAAAAA+DejaVuSans
b 133.40002 90.1 11.0 6.973999 8.514001 DAAAAA+DejaVuSans
7 133.40002 126.1 11.0 6.9959946 8.514001 DAAAAA+DejaVuSans
1 133.40002 162.1 11.0 6.996002 8.514001 DAAAAA+DejaVuSans
1 133.40002 169.09601 11.0 6.996002 8.514001 DAAAAA+DejaVuSans
1 133.40002 176.09201 11.0 6.996002 8.514001 DAAAAA+DejaVuSans
a 146.20001 90.1 11.0 6.7320023 8.514001 DAAAAA+DejaVuSans
4 146.20001 126.1 11.0 6.9959946 8.514001 DAAAAA+DejaVuSans
0 146.20001 162.1 11.0 6.996002 8.514001 DAAAAA+DejaVuSans
1 146.20001 169.09601 11.0 6.996002 8.514001 DAAAAA+DejaVuSans
0 146.20001 176.09201 11.0 6.996002 8.514001 DAAAAA+DejaVuSans
e 159.0 90.1 11.0 6.7649994 8.514001 DAAAAA+DejaVuSans
4 159.0 126.1 11.0 6.9959946 8.514001 DAAAAA+DejaVuSans
0 159.0 162.1 11.0 6.996002 8.514001 DAAAAA+DejaVuSans
0 159.0 169.09601 11.0 6.996002 8.514001 DAAAAA+DejaVuSans
0 159.0 176.09201 11.0 6.996002 8.514001 DAAAAA+DejaVuSans
f 171.79999 90.1 11.0 3.8720016 8.514001 DAAAAA+DejaVuSans
3 171.79999 126.1 11.0 6.9959946 8.514001 DAAAAA+DejaVuSans
1 171.79999 162.1 11.0 6.996002 8.514001 DAAAAA+DejaVuSans
1 171.79999 169.09601 11.0 6.996002 8.514001 DAAAAA+DejaVuSans
0 171.79999 176.09201 11.0 6.996002 8.514001 DAAAAA+DejaVuSans
1 171.79999 183.08801 11.0 6.996002 8.514001 DAAAAA+DejaVuSans
h 184.59998 90.1 11.0 6.9629974 8.514001 DAAAAA+DejaVuSans
2 184.59998 126.1 11.0 6.9959946 8.514001 DAAAAA+DejaVuSans
1 184.59998 162.1 11.0 6.996002 8.514001 DAAAAA+DejaVuSans
0 184.59998 169.09601 11.0 6.996002 8.514001 DAAAAA+DejaVuSans
1 184.59998 176.09201 11.0 6.996002 8.514001 DAAAAA+DejaVuSans
0 184.59998 183.08801 11.0 6.996002 8.514001 DAAAAA+DejaVuSans
i 197.40002 90.1 11.0 3.046997 8.514001 DAAAAA+DejaVuSans
2 197.40002 126.1 11.0 6.9959946 8.514001 DAAAAA+DejaVuSans
1 197.40002 162.1 11.0 6.996002 8.514001 DAAAAA+DejaVuSans
0 197.40002 169.09601 11.0 6.996002 8.514001 DAAAAA+DejaVuSans
0 197.40002 176.09201 11.0 6.996002 8.514001 DAAAAA+DejaVuSans
0 197.40002 183.08801 11.0 6.996002 8.514001 DAAAAA+DejaVuSans
m 210.20001 90.1 11.0 10.713997 8.514001 DAAAAA+DejaVuSans
2 210.20001 126.1 11.0 6.9959946 8.514001 DAAAAA+DejaVuSans
0 210.20001 162.1 11.0 6.996002 8.514001 DAAAAA+DejaVuSans
1 210.20001 169.09601 11.0 6.996002 8.514001 DAAAAA+DejaVuSans
1 210.20001 176.09201 11.0 6.996002 8.514001 DAAAAA+DejaVuSans
1 210.20001 183.08801 11.0 6.996002 8.514001 DAAAAA+DejaVuSans
n 223.0 90.1 11.0 6.9629974 8.514001 DAAAAA+DejaVuSans
2 223.0 126.1 11.0 6.9959946 8.514001 DAAAAA+DejaVuSans
0 223.0 162.1 11.0 6.996002 8.514001 DAAAAA+DejaVuSans
0 223.0 169.09601 11.0 6.996002 8.514001 DAAAAA+DejaVuSans
1 223.0 176.09201 11.0 6.996002 8.514001 DAAAAA+DejaVuSans
0 223.0 183.08801 11.0 6.996002 8.514001 DAAAAA+DejaVuSans
s 235.79999 90.1 11.0 5.720001 8.514001 DAAAAA+DejaVuSans
2 235.79999 126.1 11.0 6.9959946 8.514001 DAAAAA+DejaVuSans
1 235.79999 162.1 11.0 6.996002 8.514001 DAAAAA+DejaVuSans
0 235.79999 169.09601 11.0 6.996002 8.514001 DAAAAA+DejaVuSans
1 235.79999 176.09201 11.0 6.996002 8.514001 DAAAAA+DejaVuSans
1 235.79999 183.08801 11.0 6.996002 8.514001 DAAAAA+DejaVuSans
t 248.59998 90.1 11.0 4.312004 8.514001 DAAAAA+DejaVuSans
2 248.59998 126.1 11.0 6.9959946 8.514001 DAAAAA+DejaVuSans
0 248.59998 162.1 11.0 6.996002 8.514001 DAAAAA+DejaVuSans
1 248.59998 169.09601 11.0 6.996002 8.514001 DAAAAA+DejaVuSans
1 248.59998 176.09201 11.0 6.996002 8.514001 DAAAAA+DejaVuSans
0 248.59998 183.08801 11.0 6.996002 8.514001 DAAAAA+DejaVuSans
l 261.40002 90.1 11.0 3.046997 8.514001 DAAAAA+DejaVuSans
1 261.40002 126.1 11.0 6.9959946 8.514001 DAAAAA+DejaVuSans
1 261.40002 162.1 11.0 6.996002 8.514001 DAAAAA+DejaVuSans
1 261.40002 169.09601 11.0 6.996002 8.514001 DAAAAA+DejaVuSans
0 261.40002 176.09201 11.0 6.996002 8.514001 DAAAAA+DejaVuSans
0 261.40002 183.08801 11.0 6.996002 8.514001 DAAAAA+DejaVuSans
1 261.40002 190.08401 11.0 6.996002 8.514001 DAAAAA+DejaVuSans
o 274.2 90.1 11.0 6.7210007 8.514001 DAAAAA+DejaVuSans
1 274.2 126.1 11.0 6.9959946 8.514001 DAAAAA+DejaVuSans
0 274.2 162.1 11.0 6.996002 8.514001 DAAAAA+DejaVuSans
0 274.2 169.09601 11.0 6.996002 8.514001 DAAAAA+DejaVuSans
1 274.2 176.09201 11.0 6.996002 8.514001 DAAAAA+DejaVuSans
1 274.2 183.08801 11.0 6.996002 8.514001 DAAAAA+DejaVuSans
0 274.2 190.08401 11.0 6.996002 8.514001 DAAAAA+DejaVuSans
p 287.0 90.1 11.0 6.973999 8.514001 DAAAAA+DejaVuSans
1 287.0 126.1 11.0 6.9959946 8.514001 DAAAAA+DejaVuSans
1 287.0 162.1 11.0 6.996002 8.514001 DAAAAA+DejaVuSans
0 287.0 169.09601 11.0 6.996002 8.514001 DAAAAA+DejaVuSans
0 287.0 176.09201 11.0 6.996002 8.514001 DAAAAA+DejaVuSans
1 287.0 183.08801 11.0 6.996002 8.514001 DAAAAA+DejaVuSans
1 287.0 190.08401 11.0 6.996002 8.514001 DAAAAA+DejaVuSans
r 299.8 90.1 11.0 4.5210037 8.514001 DAAAAA+DejaVuSans
1 299.8 126.1 11.0 6.9959946 8.514001 DAAAAA+DejaVuSans
1 299.8 162.1 11.0 6.996002 8.514001 DAAAAA+DejaVuSans
1 299.8 169.09601 11.0 6.996002 8.514001 DAAAAA+DejaVuSans
0 299.8 176.09201 11.0 6.996002 8.514001 DAAAAA+DejaVuSans
0 299.8 183.08801 11.0 6.996002 8.514001 DAAAAA+DejaVuSans
0 299.8 190.08401 11.0 6.996002 8.514001 DAAAAA+DejaVuSans
u 312.6 90.1 11.0 6.9629974 8.514001 DAAAAA+DejaVuSans
1 312.6 126.1 11.0 6.9959946 8.514001 DAAAAA+DejaVuSans
0 312.6 162.1 11.0 6.996002 8.514001 DAAAAA+DejaVuSans
0 312.6 169.09601 11.0 6.996002 8.514001 DAAAAA+DejaVuSans
1 312.6 176.09201 11.0 6.996002 8.514001 DAAAAA+DejaVuSans
1 312.6 183.08801 11.0 6.996002 8.514001 DAAAAA+DejaVuSans
1 312.6 190.08401 11.0 6.996002 8.514001 DAAAAA+DejaVuSans
x 325.4 90.1 11.0 6.5009995 8.514001 DAAAAA+DejaVuSans
1 325.4 126.1 11.0 6.9959946 8.514001 DAAAAA+DejaVuSans
1 325.4 162.1 11.0 6.996002 8.514001 DAAAAA+DejaVuSans
0 325.4 169.09601 11.0 6.996002 8.514001 DAAAAA+DejaVuSans
0 325.4 176.09201 11.0 6.996002 8.514001 DAAAAA+DejaVuSans
1 325.4 183.08801 11.0 6.996002 8.514001 DAAAAA+DejaVuSans
0 325.4 190.08401 11.0 6.996002 8.514001 DAAAAA+DejaVuSans
